100 0.342607736587524 0.001265287399292
110 0.440566301345825 0.001696586608887
120 0.548088550567627 0.002176523208618
130 0.710272789001465 0.002864599227905
140 0.872014045715332 0.003612756729126
150 1.091281652450562 0.004520177841187
160 1.323838472366333 0.005549192428589
170 1.621426582336426 0.006668567657471
180 1.890326976776123 0.007750988006592
190 2.255071878433228 0.009155273437500
200 2.610469818115234 0.010946512222290
210 3.069390296936035 0.012525558471680
220 3.358748435974121 0.014320135116577
230 3.914342403411865 0.016668319702148
240 4.361705064773560 0.018846511840820
250 5.178925514221191 0.022196769714355
260 5.760588407516479 0.025119066238403
270 6.549592494964600 0.027769565582275
280 7.326251506805420 0.031273841857910
290 8.151011705398560 0.034556150436401
300 8.837106227874756 0.038569450378418
310 9.985593795776367 0.042498350143433
320 11.466272592544556 0.047248840332031
330 12.139051437377930 0.050637006759644
340 13.446667432785034 0.061221122741699
350 14.955871582031250 0.061036348342896
360 15.547165393829346 0.067408084869385
370 17.204569339752197 0.071880578994751
380 18.505725383758545 0.078226327896118
390 21.313755035400391 0.084363222122192
400 21.839208126068115 0.090853691101074
410 24.354445457458496 0.098320007324219
420 25.458626747131348 0.105495452880859
430 26.961837291717529 0.109750986099243
440 27.894139289855957 0.120062589645386
450 30.474784851074219 0.126394510269165
460 30.733462572097778 0.135321378707886
470 33.451789855957031 0.144412755966187
480 37.056901216506958 0.167097806930542
490 38.754967689514160 0.165310621261597
500 40.145110845565796 0.174918889999390
