50 2.308691024780273 0.246730089187622
51 2.460072755813599 0.002631425857544
52 2.596580028533936 0.002764463424683
53 2.754335403442383 0.002917528152466
54 2.905632495880127 0.003062963485718
55 3.074306726455688 0.003229618072510
56 3.253576278686523 0.003406047821045
57 3.431371927261353 0.003565549850464
58 3.616510868072510 0.003742218017578
59 3.809968948364258 0.003925323486328
60 3.981871604919434 0.004140138626099
61 4.186942577362061 0.004306793212891
62 4.393691301345825 0.004505157470703
63 4.608089447021484 0.004733562469482
64 4.827627897262573 0.004957675933838
65 5.059605360031128 0.005153656005859
66 5.298901081085205 0.005387306213379
67 5.553050994873047 0.005634069442749
68 5.790591001510620 0.005878925323486
69 6.054764747619629 0.006103038787842
70 6.316699743270874 0.006350994110107
71 6.590870141983032 0.006633281707764
72 6.875111103057861 0.006993293762207
73 7.161514759063721 0.007166862487793
74 7.462557315826416 0.007463216781616
75 7.779646635055542 0.007719278335571
76 8.083263635635376 0.008143424987793
77 8.439541339874268 0.008444786071777
78 8.775487184524536 0.008641481399536
79 9.075599193572998 0.008952140808105
80 9.422197103500366 0.009629011154175
81 9.778570175170898 0.010061740875244
82 10.154017448425293 0.010065793991089
83 10.519727945327759 0.010611772537231
84 10.905616521835327 0.010763645172119
85 11.300944089889526 0.011428594589233
86 12.258123636245728 0.013371706008911
87 12.463726520538330 0.011908531188965
88 12.609188079833984 0.012476205825806
89 12.967479705810547 0.012612581253052
90 13.411360740661621 0.012978553771973
91 13.864053010940552 0.013383865356445
92 14.319115877151489 0.014025688171387
93 14.788603067398071 0.014311313629150
94 15.276399135589600 0.014733791351318
95 15.771929025650024 0.015143632888794
96 16.286525964736938 0.015992164611816
97 16.795812129974365 0.016093254089355
98 17.314497470855713 0.016675233840942
99 17.837942600250244 0.017333984375000
100 18.397726535797119 0.017912626266479
