0.000106811523438
0.000116825103760
0.000113487243652
0.000121116638184
0.000128507614136
0.000136613845825
0.000144243240356
0.000151872634888
0.000160217285156
0.000170946121216
0.000176668167114
0.000185251235962
0.000246047973633
0.000294923782349
0.000303268432617
0.000223159790039
0.000225067138672
0.000237226486206
0.000245571136475
0.000253915786743
0.000263452529907
0.000273227691650
0.000282287597656
0.000291347503662
0.000298738479614
0.000319004058838
0.000320434570312
0.000341653823853
0.000337362289429
0.000354051589966
0.000352859497070
0.000361680984497
0.000385761260986
0.000446081161499
0.000412702560425
0.000451326370239
0.000425577163696
0.000420570373535
0.000426530838013
0.000434160232544
0.000442504882812
0.000486612319946
