0.160833120346069
0.000001907348633
0.000000953674316
0.000001192092896
0.000000715255737
0.000000953674316
0.000001192092896
0.000001192092896
0.000000715255737
0.000000953674316
0.000001192092896
0.000000715255737
0.000001192092896
0.000001192092896
0.000000953674316
0.000000953674316
0.000001192092896
0.000001192092896
0.000000953674316
0.000001668930054
0.000001192092896
0.000001430511475
0.000001668930054
0.000001430511475
0.000001907348633
0.000001430511475
0.000001907348633
0.000001907348633
0.000001430511475
0.000001668930054
0.000001907348633
0.000001430511475
0.000001907348633
0.000002145767212
0.000002384185791
0.000004291534424
0.000001907348633
0.000002145767212
0.000002145767212
0.000001907348633
0.000002622604370
0.000002384185791
