90 0.000109910964966 0.163560867309570
100 0.000148534774780 0.000012397766113
110 0.000132799148560 0.000001192092896
120 0.000134706497192 0.000001192092896
130 0.000129938125610 0.000001430511475
140 0.000137805938721 0.000001192092896
150 0.000165462493896 0.000001430511475
160 0.000166416168213 0.000001192092896
170 0.000180006027222 0.000001192092896
180 0.000170707702637 0.000001192092896
190 0.000184297561646 0.000000953674316
200 0.000204563140869 0.000001192092896
210 0.000211238861084 0.000001192092896
220 0.000220537185669 0.000001192092896
230 0.000226259231567 0.000000953674316
240 0.000236272811890 0.000001192092896
250 0.000243902206421 0.000000953674316
260 0.000256776809692 0.000001192092896
270 0.000263452529907 0.000001192092896
280 0.000270366668701 0.000001192092896
290 0.000271320343018 0.000001430511475
300 0.000285148620605 0.000001907348633
310 0.000308036804199 0.000002145767212
320 0.000592708587646 0.000003576278687
330 0.000350713729858 0.000003337860107
340 0.000340938568115 0.000003099441528
350 0.000320196151733 0.000002145767212
360 0.000330448150635 0.000001907348633
370 0.000333547592163 0.000002384185791
380 0.000349521636963 0.000002861022949
390 0.000351428985596 0.000002145767212
400 0.000357866287231 0.000001907348633
410 0.000383615493774 0.000002861022949
420 0.000387191772461 0.000001907348633
430 0.000456809997559 0.000003814697266
440 0.000409603118896 0.000002384185791
450 0.000408172607422 0.000001907348633
460 0.000409841537476 0.000002145767212
470 0.000430107116699 0.000003099441528
480 0.000435829162598 0.000002384185791
490 0.000436067581177 0.000002384185791
500 0.000475883483887 0.000003099441528
510 0.000500202178955 0.000002622604370
520 0.000462055206299 0.000002622604370
530 0.000883340835571 0.000006675720215
540 0.000493049621582 0.000003576278687
550 0.000584602355957 0.000016927719116
560 0.000500679016113 0.000004529953003
570 0.000761747360229 0.000006675720215
580 0.000544071197510 0.000005722045898
590 0.000547647476196 0.000003814697266
600 0.000547409057617 0.000004291534424
610 0.000594854354858 0.000006198883057
620 0.000549793243408 0.000015020370483
630 0.000804424285889 0.000019073486328
640 0.000605583190918 0.000022411346436
650 0.000582456588745 0.000018358230591
660 0.000573635101318 0.000015258789062
670 0.000575780868530 0.000015974044800
680 0.000639438629150 0.000015735626221
690 0.000595808029175 0.000015974044800
700 0.000714540481567 0.000018835067749
710 0.000852108001709 0.000020503997803
720 0.000655412673950 0.000017404556274
730 0.000629901885986 0.000006914138794
740 0.000663042068481 0.000007629394531
750 0.000712156295776 0.000009059906006
760 0.000737428665161 0.000013589859009
770 0.000758171081543 0.000024080276489
780 0.000727891921997 0.000017404556274
790 0.000718593597412 0.000019073486328
800 0.000745773315430 0.000018119812012
810 0.000808477401733 0.000019550323486
820 0.000784158706665 0.000021696090698
830 0.000792503356934 0.000018835067749
840 0.000763893127441 0.000019788742065
850 0.000762224197388 0.000020742416382
860 0.000839233398438 0.000021457672119
870 0.000965833663940 0.000020265579224
880 0.000818490982056 0.000017404556274
890 0.000890970230103 0.000011444091797
900 0.001343727111816 0.000048398971558
910 0.000846385955811 0.000019550323486
920 0.000951766967773 0.000025033950806
930 0.000887393951416 0.000021457672119
940 0.000984430313110 0.000023841857910
950 0.001084566116333 0.000015020370483
960 0.000969171524048 0.000011205673218
970 0.001367092132568 0.000044822692871
980 0.000930070877075 0.000021934509277
990 0.000894069671631 0.000022411346436
1000 0.000918149948120 0.000020503997803
1010 0.001185178756714 0.000017881393433
1020 0.000936269760132 0.000021696090698
1030 0.000941991806030 0.000021457672119
1040 0.001006126403809 0.000024318695068
1050 0.000985622406006 0.000021696090698
1060 0.000979900360107 0.000021934509277
1070 0.001070976257324 0.000015258789062
1080 0.001051664352417 0.000012636184692
1090 0.001723289489746 0.000061273574829
1100 0.001048326492310 0.000023126602173
1110 0.001138448715210 0.000015974044800
1120 0.001063585281372 0.000015497207642
1130 0.001103639602661 0.000024557113647
1140 0.001584529876709 0.000061750411987
1150 0.001167535781860 0.000016927719116
1160 0.001095771789551 0.000024080276489
1170 0.001108646392822 0.000024795532227
1180 0.001101732254028 0.000023603439331
1190 0.001402854919434 0.000046491622925
1200 0.001179456710815 0.000017642974854
1210 0.001834392547607 0.000055313110352
1220 0.001181364059448 0.000025987625122
1230 0.001257181167603 0.000060319900513
1240 0.001210451126099 0.000030517578125
1250 0.001314640045166 0.000070810317993
1260 0.001220464706421 0.000036001205444
1270 0.001404047012329 0.000078201293945
1280 0.001235723495483 0.000017404556274
1290 0.001243591308594 0.000060796737671
1300 0.001196384429932 0.000032424926758
1310 0.002041816711426 0.000094890594482
1320 0.001220226287842 0.000042915344238
1330 0.001671791076660 0.000038146972656
1340 0.001391410827637 0.000019788742065
1350 0.001279830932617 0.000047922134399
1360 0.001261234283447 0.000039577484131
1370 0.001427888870239 0.000024080276489
1380 0.001290559768677 0.000028848648071
1390 0.001325130462646 0.000030279159546
1400 0.001815795898438 0.000038146972656
1410 0.001370906829834 0.000047683715820
