10 0.000083208084106 0.000008583068848
11 0.000044584274292 0.000002622604370
12 0.000044584274292 0.000002145767212
13 0.000046730041504 0.000001668930054
14 0.000050067901611 0.000001430511475
15 0.000052452087402 0.000001907348633
16 0.000056505203247 0.000002145767212
17 0.000059604644775 0.000001668930054
18 0.000062704086304 0.000001668930054
19 0.000065803527832 0.000001430511475
20 0.000073432922363 0.000002384185791
21 0.000073671340942 0.000001907348633
22 0.000076055526733 0.000001907348633
23 0.000078916549683 0.000001907348633
24 0.000082969665527 0.000001668930054
25 0.000085830688477 0.000001668930054
26 0.000089406967163 0.000001668930054
27 0.000092029571533 0.000001668930054
28 0.000096082687378 0.000001668930054
29 0.000099182128906 0.000001907348633
30 0.000102281570435 0.000001907348633
31 0.000105857849121 0.000001668930054
32 0.000109195709229 0.000002145767212
33 0.000113487243652 0.000002145767212
34 0.000115871429443 0.000002145767212
35 0.000118255615234 0.000001907348633
36 0.000201225280762 0.000007152557373
37 0.000131130218506 0.000002384185791
38 0.000130891799927 0.000002145767212
39 0.000132322311401 0.000001907348633
40 0.000136375427246 0.000002384185791
41 0.000140666961670 0.000002145767212
42 0.000143527984619 0.000002145767212
43 0.000146150588989 0.000002145767212
44 0.000149726867676 0.000002145767212
45 0.000154018402100 0.000002145767212
46 0.000156402587891 0.000001907348633
47 0.000158548355103 0.000002145767212
48 0.000163078308105 0.000002384185791
49 0.000167369842529 0.000001907348633
50 0.000169038772583 0.000002145767212
51 0.000171899795532 0.000002384185791
52 0.000176191329956 0.000002145767212
53 0.000180482864380 0.000002145767212
54 0.000183820724487 0.000002145767212
55 0.000185489654541 0.000002145767212
56 0.000190258026123 0.000001907348633
57 0.000195026397705 0.000001907348633
58 0.000196695327759 0.000001907348633
59 0.000198364257812 0.000002384185791
60 0.000203609466553 0.000002145767212
61 0.000207185745239 0.000002145767212
62 0.000209808349609 0.000002145767212
63 0.000211715698242 0.000002384185791
64 0.000216960906982 0.000002145767212
65 0.000081300735474 0.000000953674316
66 0.000078678131104 0.000000953674316
67 0.000078439712524 0.000000953674316
68 0.000080108642578 0.000000715255737
69 0.000093936920166 0.000001430511475
70 0.000082969665527 0.000000715255737
71 0.000082969665527 0.000000953674316
72 0.000084877014160 0.000000715255737
73 0.000086307525635 0.000000715255737
74 0.000087499618530 0.000000715255737
75 0.000062942504883 0.000000476837158
76 0.000064373016357 0.000000476837158
77 0.000066041946411 0.000000715255737
78 0.000089645385742 0.000000715255737
79 0.000070333480835 0.000000953674316
80 0.000067472457886 0.000000715255737
81 0.000067949295044 0.000000476837158
82 0.000069141387939 0.000000715255737
83 0.000069856643677 0.000000715255737
84 0.000116348266602 0.000002145767212
85 0.000094652175903 0.000001430511475
86 0.000087261199951 0.000002145767212
87 0.000078439712524 0.000000953674316
88 0.000085353851318 0.000000476837158
89 0.000084877014160 0.000000476837158
90 0.000085353851318 0.000000476837158
91 0.000081539154053 0.000000715255737
92 0.000082492828369 0.000000715255737
93 0.000083684921265 0.000000476837158
94 0.000095844268799 0.000000715255737
95 0.000087499618530 0.000000715255737
96 0.000088930130005 0.000000715255737
97 0.000090122222900 0.000000715255737
98 0.000090837478638 0.000000715255737
99 0.000090599060059 0.000000476837158
100 0.000092744827271 0.000000715255737
101 0.000100612640381 0.000000953674316
102 0.000092506408691 0.000000715255737
103 0.000091791152954 0.000000715255737
104 0.000094175338745 0.000000953674316
105 0.000089406967163 0.000000715255737
106 0.000089645385742 0.000000715255737
107 0.000089645385742 0.000000476837158
108 0.000091314315796 0.000000715255737
109 0.000092029571533 0.000000953674316
110 0.000092744827271 0.000000715255737
111 0.000098705291748 0.000000476837158
112 0.000100851058960 0.000000715255737
113 0.000101804733276 0.000000715255737
114 0.000096797943115 0.000000715255737
115 0.000105857849121 0.000001668930054
116 0.000098466873169 0.000000715255737
117 0.000099658966064 0.000000715255737
118 0.000099658966064 0.000000715255737
119 0.000099658966064 0.000000715255737
120 0.000108242034912 0.000000953674316
121 0.000109434127808 0.000000715255737
122 0.000102519989014 0.000000715255737
123 0.000102758407593 0.000000715255737
124 0.000104665756226 0.000000715255737
125 0.000105619430542 0.000000953674316
126 0.000107049942017 0.000000715255737
127 0.000106573104858 0.000000715255737
128 0.000108957290649 0.000000715255737
129 0.000110149383545 0.000000715255737
130 0.000109434127808 0.000000715255737
131 0.000108957290649 0.000000715255737
132 0.000191688537598 0.000000715255737
133 0.000115394592285 0.000000953674316
134 0.000161409378052 0.000002384185791
135 0.000144004821777 0.000001192092896
136 0.000123262405396 0.000000715255737
137 0.000123739242554 0.000000953674316
138 0.000123977661133 0.000000953674316
139 0.000123262405396 0.000000953674316
140 0.000125885009766 0.000000715255737
141 0.000127077102661 0.000001192092896
142 0.000127553939819 0.000000953674316
143 0.000127315521240 0.000000953674316
144 0.000129461288452 0.000000953674316
145 0.000133752822876 0.000002384185791
146 0.000135421752930 0.000001668930054
147 0.000135183334351 0.000001430511475
148 0.000133514404297 0.000002145767212
149 0.000129699707031 0.000000953674316
150 0.000126600265503 0.000000953674316
151 0.000125885009766 0.000000953674316
152 0.000127792358398 0.000000715255737
153 0.000129938125610 0.000000953674316
154 0.000132083892822 0.000001192092896
155 0.000131607055664 0.000001668930054
156 0.000134468078613 0.000000953674316
157 0.000205755233765 0.000005006790161
158 0.000190973281860 0.000004053115845
159 0.000174999237061 0.000001668930054
160 0.000153779983521 0.000000953674316
161 0.000149726867676 0.000000953674316
162 0.000150680541992 0.000000953674316
163 0.000135898590088 0.000000953674316
164 0.000138044357300 0.000000953674316
165 0.000139236450195 0.000000715255737
166 0.000139474868774 0.000000953674316
167 0.000285863876343 0.000000953674316
168 0.000155925750732 0.000000715255737
169 0.000158548355103 0.000000953674316
170 0.000160455703735 0.000000715255737
171 0.000143766403198 0.000000953674316
172 0.000144720077515 0.000000953674316
173 0.000146389007568 0.000000715255737
174 0.000146627426147 0.000000715255737
175 0.000145912170410 0.000000953674316
176 0.000149011611938 0.000001192092896
177 0.000175952911377 0.000000715255737
178 0.000149726867676 0.000000953674316
179 0.000148773193359 0.000000953674316
180 0.000151395797729 0.000001192092896
181 0.000152587890625 0.000000715255737
182 0.000153064727783 0.000000953674316
183 0.000152349472046 0.000000953674316
184 0.000154972076416 0.000000715255737
185 0.000167369842529 0.000000953674316
186 0.000156402587891 0.000000715255737
187 0.000187635421753 0.000001430511475
188 0.000158309936523 0.000001192092896
189 0.000159263610840 0.000000953674316
190 0.000159502029419 0.000000953674316
191 0.000159025192261 0.000000715255737
192 0.000175952911377 0.000001430511475
193 0.000163316726685 0.000000953674316
194 0.000162839889526 0.000000953674316
195 0.000161886215210 0.000000953674316
196 0.000172615051270 0.000000953674316
197 0.000166893005371 0.000000715255737
198 0.000240802764893 0.000002622604370
199 0.000168800354004 0.000001192092896
200 0.000187158584595 0.000002145767212
201 0.000187158584595 0.000000953674316
202 0.000195741653442 0.000001192092896
203 0.000200986862183 0.000000953674316
204 0.000218629837036 0.000000953674316
205 0.000174045562744 0.000000953674316
206 0.000174045562744 0.000000953674316
207 0.000200271606445 0.000000953674316
208 0.000176429748535 0.000001192092896
209 0.000176668167114 0.000000715255737
210 0.000178098678589 0.000001668930054
211 0.000175952911377 0.000001192092896
212 0.000206708908081 0.000000953674316
213 0.000179529190063 0.000000953674316
214 0.000179529190063 0.000000953674316
215 0.000178098678589 0.000000953674316
216 0.000180959701538 0.000000953674316
217 0.000182867050171 0.000000953674316
218 0.000182867050171 0.000000953674316
219 0.000215291976929 0.000001192092896
220 0.000274658203125 0.000000715255737
221 0.000201940536499 0.000000953674316
222 0.000204563140869 0.000001907348633
223 0.000198364257812 0.000001192092896
224 0.000233650207520 0.000003099441528
225 0.000208616256714 0.000001192092896
226 0.000228166580200 0.000003099441528
227 0.000194072723389 0.000001430511475
228 0.000192642211914 0.000001192092896
229 0.000193357467651 0.000001430511475
230 0.000307798385620 0.000008821487427
231 0.000218391418457 0.000002145767212
232 0.000224113464355 0.000001430511475
233 0.000197410583496 0.000001192092896
234 0.000198364257812 0.000000953674316
235 0.000266313552856 0.000000953674316
236 0.000198125839233 0.000000953674316
237 0.000199556350708 0.000000953674316
238 0.000200033187866 0.000000953674316
239 0.000199317932129 0.000001430511475
240 0.000201702117920 0.000001192092896
241 0.000204563140869 0.000001192092896
242 0.000207185745239 0.000000953674316
243 0.000205039978027 0.000000953674316
244 0.000243186950684 0.000001668930054
245 0.000279426574707 0.000001668930054
246 0.000207901000977 0.000000953674316
247 0.000205039978027 0.000001430511475
248 0.000207901000977 0.000000953674316
249 0.000209808349609 0.000000953674316
250 0.000209331512451 0.000000953674316
251 0.000208139419556 0.000000953674316
252 0.000248670578003 0.000002384185791
253 0.000213384628296 0.000000953674316
254 0.000214815139771 0.000001668930054
255 0.000276088714600 0.000003576278687
256 0.000282049179077 0.000001907348633
257 0.000241279602051 0.000000953674316
258 0.000219821929932 0.000001430511475
259 0.000219345092773 0.000000953674316
260 0.000221490859985 0.000000953674316
261 0.000236749649048 0.000001192092896
262 0.000225782394409 0.000001430511475
263 0.000222682952881 0.000001192092896
264 0.000255346298218 0.000000953674316
265 0.000272750854492 0.000012874603271
266 0.000234603881836 0.000000953674316
267 0.000268936157227 0.000000953674316
268 0.000226497650146 0.000000953674316
269 0.000228643417358 0.000001192092896
270 0.000228881835938 0.000001192092896
271 0.000228166580200 0.000001192092896
272 0.000270128250122 0.000000953674316
273 0.000284433364868 0.000001907348633
274 0.000255823135376 0.000001430511475
275 0.000249862670898 0.000001430511475
276 0.000240564346313 0.000003099441528
277 0.000257492065430 0.000004768371582
278 0.000446796417236 0.000009059906006
279 0.000262737274170 0.000002145767212
280 0.000258207321167 0.000002861022949
281 0.000247240066528 0.000001430511475
282 0.000299453735352 0.000005245208740
283 0.000239849090576 0.000001192092896
284 0.000283241271973 0.000001430511475
285 0.000243663787842 0.000000953674316
286 0.000247240066528 0.000002145767212
287 0.000242948532104 0.000001192092896
288 0.000247001647949 0.000001430511475
289 0.000261783599854 0.000000953674316
290 0.000247240066528 0.000001192092896
291 0.000246524810791 0.000001192092896
292 0.000254154205322 0.000002622604370
293 0.000255346298218 0.000001430511475
294 0.000247716903687 0.000000953674316
295 0.000284194946289 0.000001430511475
296 0.000251770019531 0.000000953674316
297 0.000252962112427 0.000001192092896
298 0.000285625457764 0.000002622604370
299 0.000252246856689 0.000001430511475
300 0.000255823135376 0.000000953674316
301 0.000255823135376 0.000001192092896
302 0.000256538391113 0.000001192092896
303 0.000375509262085 0.000001192092896
304 0.000287294387817 0.000003099441528
305 0.000260591506958 0.000000953674316
306 0.000260114669800 0.000001907348633
307 0.000260353088379 0.000001192092896
308 0.000260591506958 0.000000953674316
309 0.000263690948486 0.000001192092896
310 0.000262737274170 0.000001430511475
311 0.000261783599854 0.000001192092896
312 0.000266551971436 0.000001430511475
313 0.000285387039185 0.000001668930054
314 0.000303506851196 0.000004291534424
315 0.000289916992188 0.000001430511475
316 0.000487089157104 0.000011205673218
317 0.000281810760498 0.000001668930054
318 0.000281333923340 0.000001907348633
319 0.000299453735352 0.000004768371582
320 0.000308513641357 0.000002384185791
321 0.000325679779053 0.000001907348633
322 0.000274658203125 0.000001192092896
323 0.000272274017334 0.000001192092896
324 0.000280380249023 0.000001430511475
325 0.000397920608521 0.000001668930054
326 0.000285387039185 0.000001907348633
327 0.000287532806396 0.000001430511475
328 0.000288248062134 0.000001430511475
329 0.000280618667603 0.000001192092896
330 0.000311613082886 0.000001430511475
331 0.000470161437988 0.000003576278687
332 0.000282764434814 0.000001192092896
333 0.000284671783447 0.000001192092896
334 0.000284433364868 0.000001430511475
335 0.000281572341919 0.000000953674316
336 0.000282764434814 0.000001192092896
337 0.000312089920044 0.000001192092896
338 0.000301837921143 0.000001668930054
339 0.000288963317871 0.000001192092896
340 0.000288486480713 0.000002145767212
341 0.000333309173584 0.000001907348633
342 0.000314712524414 0.000000953674316
343 0.000291109085083 0.000001907348633
344 0.000291585922241 0.000001192092896
345 0.000312566757202 0.000000953674316
346 0.000360488891602 0.000006914138794
347 0.000459671020508 0.000007867813110
348 0.000361204147339 0.000005483627319
349 0.000404596328735 0.000007152557373
350 0.000300884246826 0.000001430511475
351 0.000300407409668 0.000001668930054
352 0.000307559967041 0.000003337860107
353 0.000329971313477 0.000004529953003
354 0.000324249267578 0.000003099441528
355 0.000320672988892 0.000001668930054
356 0.000312089920044 0.000001668930054
357 0.000444412231445 0.000005006790161
358 0.000351667404175 0.000001430511475
359 0.000308990478516 0.000002622604370
360 0.000306606292725 0.000001430511475
361 0.000308513641357 0.000001192092896
362 0.000307798385620 0.000001192092896
363 0.000304937362671 0.000001192092896
364 0.000308036804199 0.000001907348633
365 0.000337362289429 0.000001430511475
366 0.000345945358276 0.000001668930054
367 0.000315427780151 0.000001668930054
368 0.000316143035889 0.000001907348633
369 0.000319719314575 0.000001192092896
370 0.000363588333130 0.000001430511475
371 0.000315189361572 0.000001668930054
372 0.000318288803101 0.000001430511475
373 0.000441551208496 0.000005960464478
374 0.000356197357178 0.000003099441528
375 0.000333070755005 0.000001668930054
376 0.000375270843506 0.000007390975952
377 0.000369548797607 0.000001668930054
378 0.000393629074097 0.000001430511475
379 0.000341892242432 0.000003576278687
380 0.000393629074097 0.000002384185791
381 0.000363826751709 0.000002145767212
382 0.000325918197632 0.000001668930054
383 0.000326395034790 0.000001907348633
384 0.000353336334229 0.000001192092896
385 0.000329017639160 0.000001192092896
386 0.000328302383423 0.000001192092896
387 0.000331878662109 0.000001192092896
388 0.000336170196533 0.000002145767212
389 0.000332355499268 0.000001430511475
390 0.000330686569214 0.000000953674316
391 0.000337600708008 0.000001430511475
392 0.000357151031494 0.000002145767212
393 0.000389814376831 0.000001907348633
394 0.000392436981201 0.000002861022949
395 0.000622034072876 0.000009298324585
396 0.000423431396484 0.000001430511475
397 0.000401496887207 0.000005960464478
398 0.000428915023804 0.000004291534424
399 0.000368118286133 0.000004053115845
400 0.000453948974609 0.000006914138794
401 0.000356912612915 0.000002861022949
402 0.000351428985596 0.000001907348633
403 0.000446081161499 0.000003814697266
404 0.000343799591064 0.000001192092896
405 0.000345945358276 0.000001192092896
406 0.000347137451172 0.000001668930054
407 0.000356912612915 0.000002622604370
408 0.000346422195435 0.000001192092896
409 0.000349044799805 0.000001430511475
410 0.000348567962646 0.000001430511475
411 0.000365495681763 0.000002384185791
412 0.000406265258789 0.000003576278687
413 0.000388383865356 0.000004291534424
414 0.000388383865356 0.000002622604370
415 0.000502824783325 0.000003337860107
416 0.000431060791016 0.000005722045898
417 0.000437259674072 0.000005006790161
418 0.000427484512329 0.000005960464478
419 0.000530481338501 0.000005006790161
420 0.000416755676270 0.000005960464478
421 0.000370025634766 0.000001907348633
422 0.000363111495972 0.000001907348633
423 0.000358581542969 0.000001668930054
424 0.000361919403076 0.000001192092896
425 0.000362157821655 0.000001668930054
426 0.000363349914551 0.000001668930054
427 0.000360727310181 0.000001430511475
428 0.000363349914551 0.000001430511475
429 0.000401735305786 0.000001668930054
430 0.000386714935303 0.000005006790161
431 0.000394582748413 0.000002861022949
432 0.000374078750610 0.000002145767212
433 0.000433683395386 0.000008344650269
434 0.000628471374512 0.000009059906006
435 0.000415563583374 0.000009775161743
436 0.000495195388794 0.000001907348633
437 0.000547647476196 0.000001907348633
438 0.000496625900269 0.000005483627319
439 0.000401496887207 0.000005245208740
440 0.000374078750610 0.000001430511475
441 0.000377893447876 0.000001192092896
442 0.000377893447876 0.000001668930054
443 0.000373363494873 0.000001192092896
444 0.000411987304688 0.000001907348633
445 0.000380039215088 0.000001668930054
446 0.000415086746216 0.000018119812012
447 0.000537395477295 0.000014781951904
448 0.000385761260986 0.000002861022949
449 0.000421524047852 0.000001907348633
450 0.000745058059692 0.000005483627319
451 0.000562667846680 0.000004768371582
452 0.000498771667480 0.000004053115845
453 0.000560283660889 0.000007867813110
454 0.000509023666382 0.000008583068848
455 0.000415563583374 0.000002622604370
456 0.000431060791016 0.000001668930054
457 0.000391960144043 0.000001668930054
458 0.000415325164795 0.000001668930054
459 0.000387907028198 0.000001192092896
460 0.000436305999756 0.000006198883057
461 0.000568151473999 0.000010967254639
462 0.000437974929810 0.000003337860107
463 0.000408172607422 0.000001668930054
464 0.000648498535156 0.000019311904907
465 0.000565052032471 0.000005960464478
466 0.000785350799561 0.000004291534424
467 0.000451326370239 0.000004768371582
468 0.000430822372437 0.000001907348633
469 0.000471830368042 0.000002622604370
470 0.000401258468628 0.000001668930054
471 0.000440359115601 0.000001907348633
472 0.000782489776611 0.000004053115845
473 0.000478506088257 0.000017166137695
474 0.000520229339600 0.000009775161743
475 0.000432491302490 0.000004768371582
476 0.000396728515625 0.000001668930054
477 0.000644683837891 0.000007629394531
478 0.000518321990967 0.000015497207642
479 0.000553846359253 0.000012874603271
480 0.000520229339600 0.000006675720215
481 0.000427246093750 0.000002622604370
482 0.000419855117798 0.000002145767212
483 0.000434398651123 0.000001907348633
484 0.000412940979004 0.000001907348633
485 0.000641822814941 0.000005006790161
486 0.000771045684814 0.000019073486328
487 0.000439405441284 0.000004529953003
488 0.000425100326538 0.000001907348633
489 0.000430107116699 0.000002384185791
490 0.000540494918823 0.000012397766113
491 0.000523567199707 0.000009536743164
492 0.000485181808472 0.000010728836060
493 0.000474452972412 0.000005006790161
494 0.000468969345093 0.000002145767212
495 0.000406026840210 0.000001907348633
496 0.000864744186401 0.000004768371582
497 0.000550270080566 0.000021696090698
498 0.000486373901367 0.000006675720215
499 0.000587224960327 0.000005006790161
500 0.000412464141846 0.000001907348633
501 0.000416517257690 0.000001668930054
502 0.000593185424805 0.000013589859009
503 0.000524282455444 0.000004529953003
504 0.000482082366943 0.000008344650269
505 0.000483036041260 0.000005483627319
506 0.000431060791016 0.000002145767212
507 0.000800848007202 0.000006437301636
508 0.000506639480591 0.000015497207642
509 0.000441312789917 0.000002622604370
510 0.000519752502441 0.000005245208740
511 0.000464200973511 0.000006198883057
512 0.000423192977905 0.000001430511475
513 0.000684261322021 0.000005006790161
514 0.000912666320801 0.000019550323486
515 0.000601053237915 0.000005245208740
516 0.000570535659790 0.000007152557373
517 0.000443220138550 0.000002145767212
518 0.000595808029175 0.000023841857910
519 0.000820875167847 0.000011920928955
520 0.000434160232544 0.000003099441528
521 0.000472784042358 0.000005960464478
522 0.000432491302490 0.000001907348633
523 0.000428915023804 0.000002384185791
524 0.000514268875122 0.000003814697266
525 0.000639677047729 0.000022888183594
526 0.000641107559204 0.000003576278687
527 0.000483751296997 0.000006914138794
528 0.000823974609375 0.000005245208740
529 0.000661134719849 0.000012397766113
530 0.000442028045654 0.000002145767212
531 0.000500679016113 0.000002145767212
532 0.000506401062012 0.000005006790161
533 0.000445365905762 0.000001907348633
534 0.000464439392090 0.000001668930054
535 0.000623464584351 0.000019788742065
536 0.000732421875000 0.000010728836060
537 0.000505685806274 0.000006914138794
538 0.000684499740601 0.000028133392334
539 0.000603437423706 0.000004768371582
540 0.000479936599731 0.000003099441528
541 0.000462532043457 0.000001907348633
542 0.000501871109009 0.000006198883057
543 0.000461578369141 0.000001907348633
544 0.000480890274048 0.000002145767212
545 0.000764131546021 0.000025510787964
546 0.000554084777832 0.000002861022949
547 0.001023054122925 0.000008344650269
548 0.000661373138428 0.000020265579224
549 0.000478744506836 0.000002384185791
550 0.000477075576782 0.000002384185791
551 0.000509977340698 0.000002384185791
552 0.000527858734131 0.000006198883057
553 0.000536680221558 0.000002384185791
554 0.000702142715454 0.000020265579224
555 0.000687599182129 0.000013351440430
556 0.000531196594238 0.000007152557373
557 0.000625133514404 0.000017642974854
558 0.000503063201904 0.000004053115845
559 0.000479459762573 0.000003099441528
560 0.000536680221558 0.000002145767212
561 0.000567674636841 0.000006198883057
562 0.000632047653198 0.000004529953003
563 0.000625133514404 0.000002622604370
564 0.000674486160278 0.000022649765015
565 0.000537633895874 0.000003099441528
566 0.001119613647461 0.000008106231689
567 0.000526189804077 0.000003337860107
568 0.000515460968018 0.000002861022949
569 0.000489473342896 0.000002145767212
570 0.000600814819336 0.000004768371582
571 0.000582218170166 0.000005722045898
572 0.000502586364746 0.000001907348633
573 0.000722408294678 0.000019788742065
574 0.000595092773438 0.000003099441528
575 0.001431226730347 0.000008106231689
576 0.000669240951538 0.000016212463379
577 0.000521183013916 0.000002145767212
578 0.000506162643433 0.000002384185791
579 0.000497102737427 0.000010013580322
580 0.000703096389771 0.000004529953003
581 0.000487327575684 0.000002861022949
582 0.000711679458618 0.000005006790161
583 0.000657081604004 0.000009298324585
584 0.000510931015015 0.000004291534424
585 0.000491619110107 0.000014305114746
586 0.000513076782227 0.000002622604370
587 0.000660657882690 0.000003814697266
588 0.000737667083740 0.000015974044800
589 0.000636100769043 0.000002861022949
590 0.000689506530762 0.000010251998901
591 0.000771999359131 0.000013351440430
592 0.001294851303101 0.000024795532227
593 0.000731229782104 0.000022411346436
594 0.000519752502441 0.000003099441528
595 0.000493288040161 0.000002622604370
596 0.000653505325317 0.000002622604370
597 0.000661134719849 0.000004291534424
598 0.000512838363647 0.000002384185791
599 0.000648498535156 0.000010728836060
600 0.000961065292358 0.000010967254639
601 0.000763654708862 0.000029087066650
602 0.000538349151611 0.000003337860107
603 0.000514745712280 0.000002622604370
604 0.000519275665283 0.000002145767212
605 0.000575780868530 0.000008106231689
606 0.000506639480591 0.000002384185791
607 0.000675439834595 0.000009775161743
608 0.000748872756958 0.000017166137695
609 0.000897169113159 0.000019788742065
610 0.000525236129761 0.000003099441528
611 0.000519514083862 0.000002622604370
612 0.000523567199707 0.000002145767212
613 0.000577449798584 0.000023365020752
614 0.000693798065186 0.000010967254639
615 0.000528335571289 0.000002384185791
616 0.000839471817017 0.000004529953003
617 0.001304626464844 0.000025987625122
618 0.000536918640137 0.000003576278687
619 0.000836849212646 0.000004291534424
620 0.000563383102417 0.000003814697266
621 0.000657558441162 0.000006437301636
622 0.000538587570190 0.000002384185791
623 0.000651359558105 0.000002861022949
624 0.000792503356934 0.000019311904907
625 0.000859737396240 0.000015974044800
626 0.000538587570190 0.000002861022949
627 0.000616312026978 0.000002384185791
628 0.000711917877197 0.000014543533325
629 0.000662088394165 0.000011444091797
630 0.000544786453247 0.000002622604370
631 0.000865697860718 0.000003337860107
632 0.000785827636719 0.000016927719116
633 0.000742435455322 0.000014543533325
634 0.000655412673950 0.000004053115845
635 0.000708818435669 0.000020742416382
636 0.000665426254272 0.000003337860107
637 0.000725746154785 0.000010251998901
638 0.000643730163574 0.000002861022949
639 0.000919580459595 0.000029563903809
640 0.001119136810303 0.000020980834961
641 0.000782728195190 0.000011205673218
642 0.000558614730835 0.000004053115845
643 0.000569105148315 0.000002622604370
644 0.000630140304565 0.000009536743164
645 0.000561237335205 0.000002622604370
646 0.000959634780884 0.000020265579224
647 0.001443862915039 0.000009775161743
648 0.000677824020386 0.000005483627319
649 0.000691175460815 0.000014066696167
650 0.000633478164673 0.000004291534424
651 0.000555515289307 0.000002622604370
652 0.000660419464111 0.000003337860107
653 0.000797271728516 0.000017166137695
654 0.001221418380737 0.000041007995605
655 0.000806331634521 0.000005006790161
656 0.000792026519775 0.000028610229492
657 0.000599145889282 0.000003814697266
658 0.000665903091431 0.000003814697266
659 0.000598430633545 0.000003576278687
660 0.000783205032349 0.000014066696167
661 0.001505613327026 0.000066995620728
662 0.000823497772217 0.000019073486328
663 0.000629663467407 0.000004053115845
664 0.000586271286011 0.000004053115845
665 0.000742912292480 0.000010490417480
666 0.000583648681641 0.000003337860107
667 0.000895261764526 0.000019073486328
668 0.001505374908447 0.000013828277588
669 0.000604629516602 0.000004529953003
670 0.000597715377808 0.000002861022949
671 0.000581979751587 0.000002384185791
672 0.000579595565796 0.000003099441528
673 0.000823736190796 0.000011444091797
674 0.000958442687988 0.000013589859009
675 0.001419544219971 0.000030517578125
676 0.000601053237915 0.000004053115845
677 0.000583410263062 0.000003099441528
678 0.000582456588745 0.000003099441528
679 0.000728845596313 0.000018835067749
680 0.000732183456421 0.000013828277588
681 0.000937700271606 0.000022649765015
682 0.000890731811523 0.000025510787964
683 0.000614166259766 0.000003099441528
684 0.000588655471802 0.000002622604370
685 0.000936269760132 0.000022888183594
686 0.000669956207275 0.000003814697266
687 0.000909328460693 0.000030279159546
688 0.001667976379395 0.000047206878662
689 0.000771522521973 0.000030040740967
690 0.000606536865234 0.000004053115845
691 0.000597238540649 0.000003099441528
692 0.000691652297974 0.000010251998901
693 0.000760316848755 0.000003337860107
694 0.000903606414795 0.000023365020752
695 0.000824451446533 0.000014781951904
696 0.000643968582153 0.000005960464478
697 0.000606775283813 0.000002861022949
698 0.000597000122070 0.000003099441528
699 0.000836610794067 0.000004053115845
700 0.001163482666016 0.000020265579224
701 0.000917911529541 0.000018835067749
702 0.000673055648804 0.000004768371582
703 0.000626564025879 0.000003576278687
704 0.000760316848755 0.000019788742065
705 0.000762462615967 0.000011682510376
706 0.000707149505615 0.000013589859009
707 0.001575708389282 0.000013113021851
708 0.000631809234619 0.000005006790161
709 0.000858068466187 0.000015497207642
710 0.000627279281616 0.000004291534424
711 0.000792264938354 0.000014781951904
712 0.000621318817139 0.000003814697266
713 0.001716613769531 0.000077009201050
714 0.000652313232422 0.000005960464478
715 0.000627756118774 0.000004529953003
716 0.001017808914185 0.000005483627319
717 0.000757694244385 0.000010728836060
718 0.000606536865234 0.000003337860107
719 0.001832246780396 0.000055551528931
720 0.000653266906738 0.000005245208740
721 0.000631093978882 0.000003337860107
722 0.000705480575562 0.000020980834961
723 0.000767707824707 0.000010967254639
724 0.000726461410522 0.000003814697266
725 0.001552104949951 0.000014543533325
726 0.000678300857544 0.000003814697266
727 0.001121520996094 0.000024080276489
728 0.000658988952637 0.000003814697266
729 0.000696420669556 0.000004053115845
730 0.001169681549072 0.000005245208740
731 0.001017570495605 0.000019550323486
732 0.000793933868408 0.000005006790161
733 0.000723361968994 0.000007390975952
734 0.000941038131714 0.000013828277588
735 0.000795602798462 0.000005245208740
736 0.001289844512939 0.000073909759521
737 0.000877141952515 0.000006675720215
738 0.000685691833496 0.000005483627319
739 0.000637054443359 0.000003576278687
740 0.000755548477173 0.000010013580322
741 0.000643014907837 0.000004053115845
742 0.001544475555420 0.000029802322388
743 0.001135587692261 0.000037670135498
744 0.000654458999634 0.000007867813110
745 0.000680446624756 0.000004529953003
746 0.000699520111084 0.000004768371582
747 0.001128435134888 0.000082731246948
748 0.001005887985229 0.000007629394531
749 0.000640153884888 0.000003337860107
750 0.000661373138428 0.000003814697266
751 0.001017093658447 0.000018358230591
752 0.000946521759033 0.000008821487427
753 0.001570940017700 0.000030040740967
754 0.001147270202637 0.000055789947510
755 0.000652074813843 0.000004291534424
756 0.000620841979980 0.000003576278687
757 0.000679731369019 0.000014305114746
758 0.001137256622314 0.000056266784668
759 0.000952959060669 0.000005960464478
760 0.000649690628052 0.000003814697266
761 0.000703573226929 0.000020742416382
762 0.000905752182007 0.000014543533325
763 0.000868082046509 0.000018596649170
764 0.001604557037354 0.000040292739868
765 0.000863790512085 0.000006675720215
766 0.000824928283691 0.000005722045898
767 0.001141309738159 0.000012874603271
768 0.000926971435547 0.000022411346436
769 0.001162767410278 0.000026702880859
770 0.000787973403931 0.000009536743164
771 0.000654935836792 0.000004053115845
772 0.001232147216797 0.000033855438232
773 0.000678300857544 0.000004053115845
774 0.001800775527954 0.000053882598877
775 0.001038789749146 0.000027894973755
776 0.000772953033447 0.000006198883057
777 0.000643730163574 0.000004768371582
778 0.000653266906738 0.000004053115845
779 0.001190662384033 0.000046253204346
780 0.000961780548096 0.000007629394531
781 0.000762701034546 0.000005722045898
782 0.000705957412720 0.000005006790161
783 0.000771522521973 0.000004529953003
784 0.001089096069336 0.000036716461182
785 0.000986337661743 0.000022172927856
786 0.000825405120850 0.000028133392334
787 0.000770330429077 0.000005245208740
788 0.000921249389648 0.000006914138794
789 0.001136541366577 0.000018358230591
790 0.001163005828857 0.000033140182495
791 0.000711679458618 0.000005960464478
792 0.000890016555786 0.000016450881958
793 0.000692844390869 0.000004291534424
794 0.001566648483276 0.000049829483032
795 0.001061439514160 0.000034809112549
796 0.000705957412720 0.000005245208740
797 0.000769138336182 0.000004768371582
798 0.000846624374390 0.000008583068848
799 0.001956462860107 0.000059604644775
800 0.001081228256226 0.000026702880859
801 0.000689983367920 0.000004053115845
802 0.000894308090210 0.000007390975952
803 0.000708580017090 0.000005245208740
804 0.002015352249146 0.000062465667725
805 0.001093387603760 0.000024080276489
806 0.000681638717651 0.000006198883057
807 0.000969648361206 0.000014305114746
808 0.000762462615967 0.000008344650269
809 0.001546859741211 0.000040292739868
810 0.000934123992920 0.000019550323486
811 0.000724792480469 0.000004529953003
812 0.000981569290161 0.000013589859009
813 0.000696182250977 0.000005006790161
814 0.001317739486694 0.000035762786865
815 0.000898361206055 0.000005722045898
816 0.000701427459717 0.000004291534424
817 0.000918388366699 0.000013589859009
818 0.000824213027954 0.000024318695068
819 0.001108169555664 0.000025272369385
820 0.000765800476074 0.000006198883057
821 0.000708818435669 0.000004529953003
822 0.001019716262817 0.000005245208740
823 0.001078128814697 0.000041961669922
824 0.001106739044189 0.000022411346436
825 0.000730514526367 0.000005483627319
826 0.000917434692383 0.000014781951904
827 0.000798225402832 0.000005722045898
828 0.001906394958496 0.000067949295044
829 0.001201391220093 0.000033378601074
830 0.000746488571167 0.000006675720215
831 0.000895023345947 0.000015258789062
832 0.000698566436768 0.000005006790161
833 0.001240730285645 0.000026702880859
834 0.000745534896851 0.000006675720215
835 0.000709533691406 0.000004529953003
836 0.000905990600586 0.000015497207642
837 0.001071691513062 0.000025510787964
838 0.001097202301025 0.000021934509277
839 0.000720739364624 0.000008344650269
840 0.000791788101196 0.000006437301636
841 0.000736713409424 0.000005483627319
842 0.001696825027466 0.000033855438232
843 0.001016378402710 0.000007629394531
844 0.000805377960205 0.000006437301636
845 0.000906467437744 0.000014066696167
846 0.000946760177612 0.000025749206543
847 0.001300096511841 0.000039339065552
848 0.000769853591919 0.000006437301636
849 0.000806331634521 0.000005722045898
850 0.000722885131836 0.000008344650269
851 0.001458406448364 0.000037670135498
852 0.001030921936035 0.000024080276489
853 0.000739336013794 0.000005722045898
854 0.000930070877075 0.000006198883057
855 0.002188205718994 0.000076293945312
856 0.001153230667114 0.000027894973755
857 0.000750303268433 0.000005960464478
858 0.000949621200562 0.000015258789062
859 0.001029014587402 0.000037908554077
860 0.001454591751099 0.000028610229492
861 0.000781059265137 0.000008821487427
862 0.000782728195190 0.000029802322388
863 0.000824689865112 0.000006914138794
864 0.001150608062744 0.000030517578125
865 0.000833511352539 0.000007629394531
866 0.000954389572144 0.000028133392334
867 0.000773191452026 0.000006437301636
868 0.001206874847412 0.000063419342041
869 0.000878334045410 0.000007867813110
870 0.000826358795166 0.000006914138794
871 0.000787973403931 0.000007152557373
872 0.001531839370728 0.000063896179199
873 0.000887870788574 0.000010013580322
874 0.000738143920898 0.000006198883057
875 0.000853538513184 0.000008344650269
876 0.001772880554199 0.000049114227295
877 0.000902891159058 0.000008344650269
878 0.000996112823486 0.000011444091797
879 0.001069784164429 0.000006675720215
880 0.002147674560547 0.000121116638184
881 0.000925540924072 0.000009536743164
882 0.000809431076050 0.000007629394531
883 0.000770568847656 0.000007152557373
884 0.002207040786743 0.000082015991211
885 0.001107931137085 0.000014543533325
886 0.000797033309937 0.000008106231689
887 0.000772714614868 0.000007152557373
888 0.002172231674194 0.000079631805420
889 0.000979185104370 0.000009536743164
890 0.000785589218140 0.000007390975952
891 0.000804185867310 0.000007152557373
892 0.001797914505005 0.000093460083008
893 0.000870466232300 0.000008106231689
894 0.001009464263916 0.000010251998901
895 0.000846385955811 0.000008344650269
896 0.001613378524780 0.000064849853516
897 0.000831842422485 0.000010967254639
898 0.000838994979858 0.000008583068848
899 0.000875473022461 0.000011920928955
900 0.001629829406738 0.000085353851318
901 0.000813007354736 0.000007867813110
902 0.001016139984131 0.000032901763916
903 0.000811815261841 0.000007629394531
904 0.001540422439575 0.000072002410889
905 0.000848293304443 0.000007867813110
906 0.001193284988403 0.000030279159546
907 0.001208782196045 0.000063419342041
908 0.001479148864746 0.000113725662231
909 0.000855684280396 0.000010490417480
910 0.000952005386353 0.000010013580322
911 0.002950906753540 0.000107288360596
912 0.001192569732666 0.000014305114746
913 0.000806570053101 0.000008583068848
914 0.000833034515381 0.000009059906006
915 0.001955270767212 0.000078678131104
916 0.000899553298950 0.000010251998901
917 0.001206874847412 0.000058412551880
918 0.001208782196045 0.000080823898315
919 0.001370191574097 0.000053167343140
920 0.000821352005005 0.000007629394531
921 0.001132011413574 0.000039815902710
922 0.002454042434692 0.000118255615234
923 0.001368045806885 0.000052213668823
924 0.000984907150269 0.000024080276489
925 0.000861644744873 0.000008106231689
926 0.001467704772949 0.000080585479736
927 0.000849962234497 0.000010728836060
928 0.001252174377441 0.000042676925659
929 0.001410961151123 0.000056505203247
930 0.001582384109497 0.000052452087402
931 0.000842094421387 0.000007390975952
932 0.001346111297607 0.000053405761719
933 0.001840829849243 0.000101566314697
934 0.001463174819946 0.000041961669922
935 0.000830411911011 0.000010967254639
936 0.000833988189697 0.000008583068848
937 0.002021074295044 0.000076293945312
938 0.000861644744873 0.000008821487427
939 0.001166582107544 0.000048398971558
940 0.001045227050781 0.000083684921265
941 0.001731157302856 0.000080823898315
942 0.001019239425659 0.000021934509277
943 0.000918865203857 0.000017881393433
944 0.001865863800049 0.000103950500488
945 0.001020431518555 0.000014066696167
946 0.001230001449585 0.000048398971558
947 0.001168966293335 0.000074625015259
948 0.001788377761841 0.000061750411987
949 0.000857830047607 0.000013113021851
950 0.001135826110840 0.000038146972656
951 0.001633882522583 0.000062227249146
952 0.000914812088013 0.000012874603271
953 0.000852108001709 0.000009775161743
954 0.001680612564087 0.000093698501587
955 0.001438617706299 0.000066995620728
956 0.000937700271606 0.000010490417480
957 0.001597642898560 0.000019550323486
958 0.001542806625366 0.000066995620728
959 0.000889062881470 0.000010251998901
960 0.000853061676025 0.000010490417480
961 0.001586914062500 0.000099658966064
962 0.001272439956665 0.000050067901611
963 0.000856399536133 0.000010490417480
964 0.001471281051636 0.000079631805420
965 0.001857757568359 0.000052690505981
966 0.001267194747925 0.000050544738770
967 0.001042366027832 0.000011682510376
968 0.000863552093506 0.000012159347534
969 0.001711845397949 0.000090122222900
970 0.000880002975464 0.000008821487427
971 0.001491308212280 0.000058889389038
972 0.001760244369507 0.000082969665527
973 0.000878334045410 0.000010251998901
974 0.001291751861572 0.000080347061157
975 0.000895023345947 0.000009298324585
976 0.001268863677979 0.000051259994507
977 0.000956535339355 0.000015974044800
978 0.001219987869263 0.000012874603271
979 0.001805782318115 0.000066280364990
980 0.000997066497803 0.000018119812012
981 0.001757383346558 0.000064134597778
982 0.001381874084473 0.000092744827271
983 0.001310110092163 0.000018596649170
984 0.000973224639893 0.000014543533325
985 0.000893831253052 0.000009775161743
986 0.001662254333496 0.000081777572632
987 0.001021146774292 0.000013589859009
988 0.001426219940186 0.000056982040405
989 0.001659393310547 0.000073671340942
990 0.001709461212158 0.000097036361694
991 0.000875711441040 0.000009536743164
992 0.001170158386230 0.000083208084106
993 0.001600027084351 0.000017881393433
994 0.000933647155762 0.000009775161743
995 0.001308917999268 0.000048637390137
996 0.001624345779419 0.000054121017456
997 0.000934123992920 0.000010728836060
998 0.001243829727173 0.000013113021851
999 0.001736640930176 0.000068664550781
1000 0.000934362411499 0.000011444091797
