50 0.079099
51 0.06588
52 0.069838
53 0.074076
54 0.078224
55 0.082954
56 0.086995
57 0.091953
58 0.09789
59 0.10238
60 0.108006
61 0.112501
62 0.118707
63 0.123798
64 0.129384
65 0.136027
66 0.141669
67 0.14888
68 0.155503
69 0.161954
70 0.168858
71 0.176355
72 0.18444
73 0.19167
74 0.199333
75 0.207224
76 0.215781
77 0.224358
78 0.232841
79 0.241979
80 0.250748
81 0.260422
82 0.270952
83 0.279834
84 0.291068
85 0.300487
86 0.311502
87 0.321759
88 0.333535
89 0.344992
90 0.356155
91 0.368081
92 0.379881
93 0.394364
94 0.406647
95 0.41823
96 0.432105
97 0.444351
98 0.458236
99 0.47299
100 0.487357
