100 14962 8623.89
110 12289 11000.8
120 11963 13772.2
130 14900 16983.5
140 18869 20679.6
150 23363 24905.9
160 28027 29707.4
170 33895 35129.4
180 39784 41216.9
190 47120 48015.3
200 54689 55569.6
210 63323 63925.1
220 72468 73126.8
230 83643 83220
240 95788 94249.8
250 106449 106261
260 119654 119300
270 134190 133411
280 149852 148639
290 165257 165030
300 184447 182628
310 201787 201479
320 221834 221628
330 246283 243120
340 266314 266001
350 290427 290315
360 316855 316108
370 344861 343424
380 373476 372310
390 405809 402810
400 434732 434969
410 467954 468833
420 503377 504446
430 540478 541854
440 576985 581103
450 619029 622236
460 661107 665300
470 703546 710340
480 756923 757400
490 812369 806526
500 864281 857764
