100000 122787 121025
110000 134538 134391
120000 147921 147854
130000 161590 161405
140000 175264 175039
150000 188798 188748
160000 202494 202529
170000 216435 216376
180000 230386 230285
190000 244289 244254
200000 258169 258279
210000 272967 272357
220000 286549 286486
230000 300518 300663
240000 314684 314886
250000 328596 329154
260000 342657 343464
270000 357193 357816
280000 371526 372206
290000 385925 386635
300000 400506 401100
310000 415099 415601
320000 429660 430136
330000 444392 444705
340000 459040 459306
350000 473484 473938
360000 488666 488600
370000 503161 503292
380000 518175 518013
390000 532668 532761
400000 547381 547537
410000 562981 562340
420000 577833 577169
430000 592330 592022
440000 607308 606901
450000 622353 621804
460000 637034 636730
470000 651790 651680
480000 666695 666652
490000 681585 681647
500000 697022 696663
